"theta" <- 0.5
"N" <- 50
"K" <- 100
